-50 -44
-50 -41
-50 -36
-50 -24
-50 -8
-50 18
-50 21
-50 42
-49 -48
-49 -38
-49 -38
-49 -33
-49 -25
-49 -4
-49 0
-49 18
-49 33
-49 41
-49 42
-49 47
-48 -49
-48 -42
-48 -8
-48 -8
-48 -2
-48 16
-48 18
-48 23
-48 24
-48 37
-47 -23
-47 -14
-47 -11
-47 -6
-47 0
-47 2
-47 15
-47 20
-47 22
-47 31
-46 -46
-46 -44
-46 -19
-46 -13
-46 -7
-46 3
-46 8
-46 8
-46 13
-46 39
-45 -20
-45 -6
-45 -6
-45 -5
-45 -2
-45 25
-45 37
-44 -48
-44 -44
-44 -38
-44 -24
-44 -20
-44 -17
-44 -7
-44 -3
-44 21
-44 29
-44 30
-43 -50
-43 -23
-43 -13
-43 -12
-43 -9
-43 12
-43 21
-43 39
-42 -49
-42 -18
-42 -18
-42 2
-42 3
-42 10
-42 15
-42 19
-42 40
-42 42
-41 -49
-41 -44
-41 -33
-41 -21
-41 -10
-41 -7
-41 -5
-41 2
-41 4
-40 -47
-40 -39
-40 -37
-40 -28
-40 -22
-40 -11
-40 -10
-40 -7
-40 -4
-40 12
-40 26
-39 -46
-39 -44
-39 -40
-39 -33
-39 -13
-39 -12
-39 2
-39 4
-39 19
-39 33
-39 39
-39 41
-39 43
-39 43
-38 -28
-38 -19
-38 2
-38 12
-38 13
-38 13
-38 18
-38 46
-37 -27
-37 -15
-37 -1
-37 6
-37 8
-37 15
-37 17
-37 21
-37 34
-37 47
-37 48
-36 -45
-36 -32
-36 -29
-36 -17
-36 -2
-36 22
-36 32
-36 50
-35 -24
-35 -16
-35 -15
-35 -10
-35 -10
-35 -1
-35 32
-35 39
-35 48
-34 -47
-34 -46
-34 -39
-34 -25
-34 -18
-34 -16
-34 -11
-34 2
-34 2
-34 5
-34 16
-34 37
-34 38
-34 47
-34 48
-33 -36
-33 -22
-33 -13
-33 -1
-33 1
-33 2
-33 7
-33 20
-33 20
-33 23
-33 25
-33 30
-32 -50
-32 -43
-32 -31
-32 -29
-32 -24
-32 -13
-32 -8
-32 3
-32 14
-32 16
-32 26
-32 44
-32 46
-31 -31
-31 -13
-31 -8
-31 4
-31 9
-31 25
-31 27
-31 35
-30 -48
-30 -45
-30 -43
-30 -34
-30 -30
-30 -24
-30 -22
-30 -16
-30 -9
-30 3
-30 3
-30 20
-30 39
-30 41
-29 -36
-29 -34
-29 -27
-29 -14
-29 8
-29 18
-29 24
-29 28
-29 32
-29 34
-29 36
-28 -46
-28 -37
-28 -17
-28 3
-28 4
-28 6
-28 6
-28 7
-28 13
-28 19
-28 24
-28 26
-28 36
-27 -49
-27 -47
-27 -45
-27 -44
-27 -39
-27 -28
-27 -26
-27 -11
-27 -6
-27 -3
-27 8
-27 13
-27 17
-27 32
-27 41
-26 -45
-26 -43
-26 -39
-26 -14
-26 -14
-26 -10
-26 -6
-26 -4
-26 -2
-26 6
-26 20
-26 23
-25 -49
-25 -28
-25 -16
-25 -15
-25 0
-25 1
-25 8
-25 22
-25 24
-25 26
-25 46
-25 48
-24 -38
-24 -19
-24 -17
-24 -15
-24 -6
-24 -2
-24 5
-24 16
-24 18
-24 20
-24 24
-24 46
-24 48
-23 -50
-23 -42
-23 -33
-23 -32
-23 -17
-23 -10
-23 -9
-23 -1
-23 0
-23 1
-23 10
-23 11
-23 37
-23 44
-23 48
-22 -47
-22 -39
-22 -28
-22 -4
-22 29
-22 47
-21 -29
-21 -22
-21 -13
-21 0
-21 8
-21 10
-21 19
-21 32
-21 47
-20 -36
-20 -23
-20 -23
-20 -11
-20 7
-20 43
-20 49
-19 -49
-19 -42
-19 -35
-19 -3
-19 -2
-19 8
-19 36
-18 -24
-18 -24
-18 -16
-18 -15
-18 1
-18 12
-18 28
-18 38
-18 43
-18 50
-17 -46
-17 -19
-17 -14
-17 -11
-17 -10
-17 27
-17 32
-17 37
-17 40
-17 49
-16 -44
-16 -31
-16 -27
-16 -8
-16 -2
-16 5
-16 50
-15 -40
-15 -32
-15 -24
-15 -15
-15 19
-15 48
-14 -37
-14 -25
-14 -24
-14 -15
-14 -12
-14 -5
-14 1
-14 2
-14 4
-14 5
-14 8
-14 47
-13 -46
-13 4
-13 9
-13 12
-13 12
-13 36
-12 -46
-12 -37
-12 -34
-12 -31
-12 8
-12 10
-12 13
-12 17
-12 38
-11 -44
-11 -39
-11 -36
-11 -32
-11 -6
-11 17
-11 24
-11 30
-10 -50
-10 -46
-10 -45
-10 -40
-10 -35
-10 -26
-10 -17
-10 -9
-10 -4
-10 1
-10 14
-10 18
-10 22
-10 24
-10 25
-10 49
-9 -42
-9 -31
-9 -12
-9 -11
-9 -7
-9 -7
-9 33
-9 36
-8 -41
-8 2
-8 27
-8 47
-7 -36
-7 -22
-7 -5
-6 -26
-6 -20
-6 -18
-6 34
-6 36
-5 -47
-5 -33
-5 -7
-5 32
-5 32
-5 49
-4 -38
-4 -31
-4 -18
-4 -7
-4 39
-4 46
-3 -49
-3 -43
-3 -38
-3 -37
-3 -24
-3 -19
-3 -6
-3 0
-3 2
-3 13
-3 21
-3 26
-3 34
-3 41
-2 -43
-2 -28
-2 -26
-2 -15
-2 -6
-2 2
-2 3
-2 24
-2 41
-1 -24
-1 -11
-1 -5
-1 11
-1 12
-1 17
-1 24
-1 30
-1 44
0 -47
0 -43
0 -28
0 -27
0 -26
0 -7
0 6
0 16
0 37
1 -25
1 -12
1 10
1 20
1 44
2 -26
2 -16
2 -8
2 21
2 22
2 27
2 37
3 -42
3 -38
3 -34
3 -18
3 -7
3 -1
3 14
3 20
3 28
3 32
3 36
3 38
4 -40
4 -5
4 17
4 19
4 24
4 27
4 28
4 32
4 38
4 44
5 -32
5 -11
5 -7
5 -5
5 31
5 49
6 -46
6 -35
6 16
6 20
6 43
6 45
7 -39
7 -38
7 -20
7 -16
7 14
7 36
7 38
7 45
7 47
8 -38
8 -21
8 -16
8 4
8 11
8 24
9 -50
9 -7
9 9
9 13
9 15
9 21
10 -47
10 -44
10 -35
10 -23
10 -20
10 -14
10 -6
10 43
11 -48
11 -47
11 -42
11 -38
11 -34
11 -14
11 -13
11 -12
11 -8
11 5
11 18
11 25
11 34
11 44
12 -46
12 -33
12 -12
12 -11
12 0
12 7
12 11
12 11
12 27
12 31
12 33
12 33
13 -35
13 -33
13 -33
13 -31
13 -28
13 -24
13 -8
13 11
13 24
13 32
13 34
13 47
13 48
13 50
14 -27
14 -27
14 -21
14 -18
14 -15
14 1
14 3
14 15
14 19
14 39
14 46
15 -50
15 -24
15 -12
15 -12
15 -1
15 3
15 6
15 23
15 23
15 41
16 -49
16 -47
16 -24
16 32
16 42
17 -44
17 -37
17 -28
17 1
17 3
18 -38
18 -37
18 -34
18 -18
18 -18
18 -8
18 0
18 13
18 31
18 36
18 40
18 43
19 -27
19 -27
19 -24
19 -13
19 -8
19 -8
19 -8
19 13
19 18
19 22
19 31
19 48
20 -47
20 -42
20 -42
20 -34
20 -31
20 -29
20 -2
20 5
20 27
20 32
20 34
20 38
20 40
20 42
20 45
20 48
21 -28
21 -28
21 -12
21 0
21 27
21 44
22 -47
22 -32
22 -27
22 -25
22 -5
22 10
22 13
22 37
22 44
23 -50
23 -42
23 -36
23 -28
23 -16
23 -13
23 1
23 15
23 35
24 -49
24 -42
24 -33
24 -26
24 -16
24 -4
24 1
24 7
24 7
24 15
24 29
24 45
25 -40
25 -27
25 -26
25 -14
25 -3
25 8
25 9
25 22
25 28
25 32
26 -41
26 -34
26 -27
26 -1
26 4
26 6
26 7
26 17
26 18
26 22
26 23
26 27
26 29
26 32
27 -36
27 -20
27 -19
27 -15
27 -10
27 -10
27 -9
27 4
27 5
27 8
27 19
27 22
27 25
28 -46
28 -43
28 -35
28 -33
28 -30
28 -8
28 7
28 21
28 26
28 27
29 -46
29 -42
29 -23
29 5
29 6
29 9
29 13
29 15
29 30
29 45
29 48
30 -32
30 -26
30 3
30 9
31 -38
31 -36
31 -31
31 -7
31 -4
31 10
31 23
31 44
32 -25
32 -24
32 -22
32 -17
32 -7
32 -6
32 17
32 19
32 21
32 26
32 28
32 30
32 31
32 37
32 37
33 -50
33 -34
33 -25
33 -25
33 -15
33 -15
33 -15
33 -5
33 10
33 36
34 -25
34 -16
34 -5
34 22
34 25
34 44
35 -50
35 -48
35 -48
35 -45
35 -41
35 -35
35 -35
35 -21
35 -15
35 -15
35 -3
35 21
35 23
35 50
35 50
36 -49
36 -48
36 -48
36 -38
36 -15
36 -13
36 -8
36 0
36 7
36 30
36 49
37 -48
37 -38
37 -20
37 -13
37 8
37 10
37 27
37 27
37 38
38 -42
38 -24
38 -13
38 -10
38 2
38 5
38 12
38 13
38 18
38 23
38 34
39 -44
39 -30
39 -9
39 -6
39 0
39 19
39 20
39 22
39 37
39 38
40 -42
40 -37
40 -35
40 -15
40 -1
40 1
40 1
40 13
40 28
40 41
40 43
40 44
41 -46
41 -44
41 -41
41 -38
41 -37
41 -34
41 -14
41 -10
41 -10
41 -6
41 5
41 8
41 26
41 29
41 35
42 -42
42 -41
42 -41
42 -35
42 13
42 26
42 32
42 34
42 42
42 43
42 48
43 -38
43 -27
43 8
43 16
43 29
43 40
43 41
43 41
43 48
44 -38
44 -24
44 -21
44 -17
44 -1
44 12
44 14
44 31
44 36
44 37
45 -46
45 -46
45 -28
45 -17
45 3
45 19
45 22
46 -48
46 -44
46 -39
46 -35
46 -25
46 -23
46 -16
46 -5
46 16
46 20
46 40
46 48
47 -48
47 -42
47 -22
47 -9
47 -8
47 -4
47 -4
47 -3
47 6
47 29
47 40
47 40
47 45
48 -39
48 -38
48 -34
48 -18
48 -16
48 1
48 7
48 9
48 31
48 35
48 36
48 48
49 -36
49 -21
49 -2
49 6
49 10
49 10
49 12
49 12
49 14
49 25
49 34
49 40
49 42
50 -34
50 -34
50 -30
50 -27
50 -14
50 -10
50 0
50 9
50 16
50 28
50 30
50 33
